1779449467555301888
1779449470423201536
1779449475060066816
1779449479095927552
1779449481331070208
1779449483432542720
1779449485800670464
1779449488068910592
1779449492505469440
1779449496875356416
1779449499143611648
1779449501478488320
1779449575470221824
1779449580573721600
1779449591514485504
1779449593782795264
1779449596017728000
1779449602689248000
1779449604823769344
1779449631842893312
1779449634044385536
1779449638581035008
1779449643284402176
1779449645419136000
1779449647620845824
1779449649655479552
1779449656527024896
1779449661263803392
